52 920 5 20 6
3
3
1
3
2
3
4
1
2
2
1
2
2
1
2
1
2
2
3
3
0
1
1
1
1
1
4
4
3
3
3
3
3
3
3
3
2
3
3
3
4
3
2
1
1
1
1
2
1
1
1
2
0 1 124
0 3 147
0 12 221
0 18 223
0 26 207
0 28 81
0 29 65
0 30 69
0 31 29
0 32 38
0 33 36
0 34 30
0 35 34
0 36 248
0 37 198
0 38 244
0 42 195
1 0 124
1 3 165
1 4 223
1 5 174
1 6 206
1 12 132
1 16 234
1 17 246
1 18 109
1 19 170
1 26 144
1 28 161
1 29 108
1 30 79
1 31 96
1 32 109
1 33 112
1 34 114
1 35 123
1 36 237
1 37 74
1 38 141
1 39 207
1 40 213
1 41 183
1 42 154
2 7 159
2 10 214
2 13 125
2 20 63
2 22 144
2 23 128
2 24 226
2 44 146
2 45 102
2 46 122
2 48 159
2 49 226
2 50 183
3 0 147
3 1 165
3 4 172
3 8 213
3 11 146
3 12 151
3 28 82
3 29 85
3 30 183
3 31 135
3 32 111
3 33 112
3 34 117
3 35 113
3 36 101
3 37 212
3 42 80
4 1 223
4 3 172
4 5 225
4 8 109
4 9 230
4 10 227
4 11 168
4 12 95
4 14 154
4 16 116
4 17 194
4 21 141
4 24 215
4 25 207
4 28 249
4 29 225
4 36 117
4 37 208
4 41 238
4 42 96
4 43 181
4 49 238
4 51 148
5 1 174
5 4 225
5 6 171
5 9 173
5 12 152
5 14 217
5 16 144
5 17 99
5 18 111
5 19 107
5 26 211
5 30 247
5 37 100
5 38 136
5 39 126
5 40 157
5 41 14
5 42 230
5 47 213
6 1 206
6 5 171
6 18 103
6 19 64
6 26 108
6 27 90
6 30 233
6 37 170
6 38 64
6 39 54
6 40 23
6 41 163
7 2 159
7 8 237
7 10 66
7 13 237
7 14 237
7 15 229
7 20 113
7 21 152
7 22 144
7 24 106
7 25 186
7 43 112
7 44 237
7 45 182
7 46 189
7 48 19
7 49 141
7 50 25
7 51 162
8 3 213
8 4 109
8 7 237
8 10 185
8 11 119
8 12 200
8 14 209
8 16 209
8 21 102
8 24 199
8 25 232
8 36 115
8 42 166
8 43 129
8 48 236
8 49 241
8 50 215
8 51 75
9 4 230
9 5 173
9 12 228
9 14 105
9 15 115
9 16 117
9 17 77
9 21 248
9 24 221
9 25 139
9 41 175
9 47 40
9 49 188
10 2 214
10 4 227
10 7 66
10 8 185
10 14 175
10 15 187
10 16 242
10 20 157
10 21 89
10 22 150
10 24 52
10 25 135
10 43 55
10 45 209
10 46 210
10 48 56
10 49 102
10 50 59
10 51 110
11 3 146
11 4 168
11 8 119
11 12 222
11 21 222
11 28 217
11 29 232
11 36 63
11 42 151
11 43 246
11 51 192
12 0 221
12 1 132
12 3 151
12 4 95
12 5 152
12 8 200
12 9 228
12 11 222
12 14 194
12 16 118
12 17 165
12 18 180
12 19 222
12 21 231
12 28 206
12 29 166
12 30 204
12 31 193
12 32 187
12 33 191
12 34 196
12 35 200
12 36 159
12 37 113
12 38 221
12 41 166
12 42 79
12 51 243
13 2 125
13 7 237
13 20 127
13 22 127
13 23 169
13 44 31
13 45 57
13 46 60
13 48 227
13 49 225
14 4 154
14 5 217
14 7 237
14 8 209
14 9 105
14 10 175
14 12 194
14 15 100
14 16 83
14 17 127
14 21 142
14 22 212
14 24 131
14 25 69
14 41 225
14 42 241
14 43 167
14 47 115
14 48 221
14 49 118
14 50 235
14 51 183
15 7 229
15 9 115
15 10 187
15 14 100
15 16 175
15 17 182
15 20 229
15 21 201
15 22 144
15 24 135
15 25 60
15 43 208
15 44 223
15 45 210
15 46 195
15 47 87
15 48 210
15 49 87
15 50 238
15 51 244
16 1 234
16 4 116
16 5 144
16 8 209
16 9 117
16 10 242
16 12 118
16 14 83
16 15 175
16 17 80
16 18 233
16 19 249
16 21 182
16 24 205
16 25 153
16 36 232
16 37 182
16 41 155
16 42 180
16 43 218
16 47 149
16 49 201
16 51 213
17 1 246
17 4 194
17 5 99
17 9 77
17 12 165
17 14 127
17 15 182
17 16 80
17 18 208
17 19 204
17 25 186
17 37 178
17 38 235
17 39 217
17 41 104
17 42 240
17 47 118
17 49 238
18 0 223
18 1 109
18 5 111
18 6 103
18 12 180
18 16 233
18 17 208
18 19 60
18 26 101
18 27 181
18 29 217
18 30 160
18 31 199
18 32 216
18 33 219
18 34 220
18 35 230
18 37 67
18 38 41
18 39 97
18 40 105
18 41 111
18 42 237
19 1 170
19 5 107
19 6 64
19 12 222
19 16 249
19 17 204
19 18 60
19 26 125
19 27 154
19 30 217
19 37 117
19 38 46
19 39 37
19 40 54
19 41 100
20 2 63
20 7 113
20 10 157
20 13 127
20 15 229
20 21 246
20 22 89
20 23 189
20 24 164
20 25 213
20 43 213
20 44 134
20 45 78
20 46 93
20 48 107
20 49 163
20 50 139
21 4 141
21 7 152
21 8 102
21 9 248
21 10 89
21 11 222
21 12 231
21 14 142
21 15 201
21 16 182
21 20 246
21 22 223
21 24 96
21 25 141
21 36 209
21 42 232
21 43 40
21 48 145
21 49 141
21 50 135
21 51 43
22 2 144
22 7 144
22 10 150
22 13 127
22 14 212
22 15 144
22 20 89
22 21 223
22 24 126
22 25 143
22 43 202
22 44 112
22 45 74
22 46 66
22 47 230
22 48 128
22 49 98
22 50 166
23 2 128
23 13 169
23 20 189
23 44 200
23 45 189
23 46 207
24 2 226
24 4 215
24 7 106
24 8 199
24 9 221
24 10 52
24 14 131
24 15 135
24 16 205
24 20 164
24 21 96
24 22 126
24 25 82
24 43 83
24 44 239
24 45 196
24 46 192
24 47 210
24 48 90
24 49 52
24 50 107
24 51 132
25 4 207
25 7 186
25 8 232
25 9 139
25 10 135
25 14 69
25 15 60
25 16 153
25 17 186
25 20 213
25 21 141
25 22 143
25 24 82
25 43 149
25 44 243
25 45 217
25 46 205
25 47 127
25 48 168
25 49 51
25 50 190
25 51 184
26 0 207
26 1 144
26 5 211
26 6 108
26 18 101
26 19 125
26 27 129
26 29 231
26 30 138
26 31 193
26 32 217
26 33 220
26 34 218
26 35 228
26 37 151
26 38 80
26 39 146
26 40 128
26 41 210
27 6 90
27 18 181
27 19 154
27 26 129
27 37 247
27 38 140
27 39 142
27 40 108
28 0 81
28 1 161
28 3 82
28 4 249
28 11 217
28 12 206
28 29 53
28 30 140
28 31 85
28 32 59
28 33 57
28 34 60
28 35 50
28 36 182
28 37 227
28 42 153
29 0 65
29 1 108
29 3 85
29 4 225
29 11 232
29 12 166
29 18 217
29 26 231
29 28 53
29 30 100
29 31 49
29 32 27
29 33 29
29 34 35
29 35 35
29 36 184
29 37 175
29 38 247
29 42 130
30 0 69
30 1 79
30 3 183
30 5 247
30 6 233
30 12 204
30 18 160
30 19 217
30 26 138
30 28 140
30 29 100
30 31 55
30 32 81
30 33 82
30 34 80
30 35 90
30 37 149
30 38 177
30 40 247
30 42 205
31 0 29
31 1 96
31 3 135
31 12 193
31 18 199
31 26 193
31 28 85
31 29 49
31 30 55
31 32 26
31 33 27
31 34 25
31 35 35
31 36 233
31 37 170
31 38 222
31 42 173
32 0 38
32 1 109
32 3 111
32 12 187
32 18 216
32 26 217
32 28 59
32 29 27
32 30 81
32 31 26
32 33 3
32 34 8
32 35 14
32 36 211
32 37 181
32 38 242
32 42 157
33 0 36
33 1 112
33 3 112
33 12 191
33 18 219
33 26 220
33 28 57
33 29 29
33 30 82
33 31 27
33 32 3
33 34 5
33 35 11
33 36 212
33 37 184
33 38 246
33 42 159
34 0 30
34 1 114
34 3 117
34 12 196
34 18 220
34 26 218
34 28 60
34 29 35
34 30 80
34 31 25
34 32 8
34 33 5
34 35 10
34 36 218
34 37 187
34 38 246
34 42 165
35 0 34
35 1 123
35 3 113
35 12 200
35 18 230
35 26 228
35 28 50
35 29 35
35 30 90
35 31 35
35 32 14
35 33 11
35 34 10
35 36 214
35 37 195
35 42 165
36 0 248
36 1 237
36 3 101
36 4 117
36 8 115
36 11 63
36 12 159
36 16 232
36 21 209
36 28 182
36 29 184
36 31 233
36 32 211
36 33 212
36 34 218
36 35 214
36 42 87
36 43 241
36 51 190
37 0 198
37 1 74
37 3 212
37 4 208
37 5 100
37 6 170
37 12 113
37 16 182
37 17 178
37 18 67
37 19 117
37 26 151
37 27 247
37 28 227
37 29 175
37 30 149
37 31 170
37 32 181
37 33 184
37 34 187
37 35 195
37 38 108
37 39 153
37 40 169
37 41 108
37 42 171
38 0 244
38 1 141
38 5 136
38 6 64
38 12 221
38 17 235
38 18 41
38 19 46
38 26 80
38 27 140
38 29 247
38 30 177
38 31 222
38 32 242
38 33 246
38 34 246
38 37 108
38 39 75
38 40 72
38 41 133
39 1 207
39 5 126
39 6 54
39 17 217
39 18 97
39 19 37
39 26 146
39 27 142
39 37 153
39 38 75
39 40 33
39 41 116
40 1 213
40 5 157
40 6 23
40 18 105
40 19 54
40 26 128
40 27 108
40 30 247
40 37 169
40 38 72
40 39 33
40 41 147
41 1 183
41 4 238
41 5 14
41 6 163
41 9 175
41 12 166
41 14 225
41 16 155
41 17 104
41 18 111
41 19 100
41 26 210
41 37 108
41 38 133
41 39 116
41 40 147
41 42 244
41 47 215
42 0 195
42 1 154
42 3 80
42 4 96
42 5 230
42 8 166
42 11 151
42 12 79
42 14 241
42 16 180
42 17 240
42 18 237
42 21 232
42 28 153
42 29 130
42 30 205
42 31 173
42 32 157
42 33 159
42 34 165
42 35 165
42 36 87
42 37 171
42 41 244
42 51 228
43 4 181
43 7 112
43 8 129
43 10 55
43 11 246
43 14 167
43 15 208
43 16 218
43 20 213
43 21 40
43 22 202
43 24 83
43 25 149
43 36 241
43 48 108
43 49 134
43 50 95
43 51 54
44 2 146
44 7 237
44 13 31
44 15 223
44 20 134
44 22 112
44 23 200
44 24 239
44 25 243
44 45 56
44 46 48
44 48 225
44 49 206
45 2 102
45 7 182
45 10 209
45 13 57
45 15 210
45 20 78
45 22 74
45 23 189
45 24 196
45 25 217
45 44 56
45 46 20
45 48 171
45 49 172
45 50 207
46 2 122
46 7 189
46 10 210
46 13 60
46 15 195
46 20 93
46 22 66
46 23 207
46 24 192
46 25 205
46 44 48
46 45 20
46 48 177
46 49 164
46 50 214
47 5 213
47 9 40
47 14 115
47 15 87
47 16 149
47 17 118
47 22 230
47 24 210
47 25 127
47 41 215
47 49 170
48 2 159
48 7 19
48 8 236
48 10 56
48 13 227
48 14 221
48 15 210
48 20 107
48 21 145
48 22 128
48 24 90
48 25 168
48 43 108
48 44 225
48 45 171
48 46 177
48 49 123
48 50 38
48 51 161
49 2 226
49 4 238
49 7 141
49 8 241
49 9 188
49 10 102
49 13 225
49 14 118
49 15 87
49 16 201
49 17 238
49 20 163
49 21 141
49 22 98
49 24 52
49 25 51
49 43 134
49 44 206
49 45 172
49 46 164
49 47 170
49 48 123
49 50 150
49 51 180
50 2 183
50 7 25
50 8 215
50 10 59
50 14 235
50 15 238
50 20 139
50 21 135
50 22 166
50 24 107
50 25 190
50 43 95
50 45 207
50 46 214
50 48 38
50 49 150
50 51 141
51 4 148
51 7 162
51 8 75
51 10 110
51 11 192
51 12 243
51 14 183
51 15 244
51 16 213
51 21 43
51 24 132
51 25 184
51 36 190
51 42 228
51 43 54
51 48 161
51 49 180
51 50 141